0
best:  1667883107.760000
worst: 1667883107.760000
avg:   1667883107.760000
1
best:  203247.060000
worst: 203247.060000
avg:   203247.060000
2
best:  67061.600000
worst: 67061.600000
avg:   67061.600000
