0
best:  1667879279.860000
worst: 1667879279.860000
avg:   1667879279.860000
1
best:  901.310000
worst: 901.310000
avg:   901.310000
2
best:  67042.370000
worst: 67042.370000
avg:   67042.370000
3
best:  13159447486690.960938
worst: 13159447486690.960938
avg:   13159447486690.962891
