0
best:  1667875479.850000
worst: 1667875479.850000
avg:   1667875479.850000
1
best:  203247.060000
worst: 203247.060000
avg:   203247.060000
2
best:  67043.250000
worst: 67043.250000
avg:   67043.250000
3
best:  13159447507390.449219
worst: 13159447507390.449219
avg:   13159447507390.451172
