0
best:  1667886903.770000
worst: 1667886903.770000
avg:   1667886903.770000
1
best:  203247.060000
worst: 203247.060000
avg:   203247.060000
2
best:  67060.740000
worst: 67060.740000
avg:   67060.740000
