0
best:  1667879279.860000
worst: 1667879279.860000
avg:   1667879279.860000
1
best:  901.310000
worst: 901.310000
avg:   901.310000
2
best:  67060.780000
worst: 67060.780000
avg:   67060.780000
