0
best:  1667875479.850000
worst: 1667875479.850000
avg:   1667875479.850000
1
best:  901.310000
worst: 901.310000
avg:   901.310000
2
best:  67042.370000
worst: 67042.370000
avg:   67042.370000
3
best:  13159447469643.050781
worst: 13159447469643.050781
avg:   13159447469643.048828
