0
best:  1667927154.910000
worst: 1667927154.910000
avg:   1667927154.910000
1
best:  203247.060000
worst: 203247.060000
avg:   203247.060000
2
best:  67068.290000
worst: 67068.290000
avg:   67068.290000
